3.6 2.0
3.6 2.0
3.6 2.0
3.59 1.98
3.59 1.96
3.58 1.94
3.57 1.92
3.61 1.91
3.56 1.9
3.55 1.88
3.55 1.86
3.54 1.84
3.48 1.83
3.47 1.81
3.45 1.79
3.44 1.77
3.43 1.75
3.46 1.74
3.45 1.72
3.44 1.7
3.41 1.68
3.4 1.66
3.42 1.64
3.43 1.62
3.37 1.62
3.31 1.61
3.26 1.6
3.24 1.58
3.18 1.58
3.13 1.57
3.11 1.55
3.09 1.54
3.03 1.53
3.0 1.51
2.95 1.5
2.92 1.48
2.9 1.47
2.88 1.45
2.89 1.43
2.83 1.42
2.77 1.42
2.71 1.42
2.67 1.41
2.62 1.39
2.58 1.38
2.54 1.36
2.48 1.36
2.46 1.35
2.41 1.33
2.45 1.32
2.47 1.3
2.46 1.28
2.48 1.26
2.46 1.24
2.4 1.23
2.38 1.22
2.36 1.2
2.31 1.19
2.27 1.17
2.24 1.15
2.29 1.14
2.29 1.12
2.32 1.1
2.34 1.08
2.4 1.07
2.41 1.06
2.44 1.04
2.4 1.02
2.39 1.0
2.41 0.98
2.43 0.97
2.38 0.95
2.39 0.93
2.35 0.92
2.35 0.9
2.38 0.88
2.34 0.87
2.29 0.85
2.24 0.85
2.23 0.83
2.25 0.81
2.2 0.8
2.15 0.79
2.1 0.78
2.1 0.76
2.13 0.74
2.11 0.72
2.11 0.7
2.07 0.69
2.03 0.67
2.01 0.65
2.04 0.64
2.07 0.62
2.04 0.6
2.06 0.58
2.08 0.56
2.1 0.55
2.07 0.53
2.01 0.52
1.96 0.51
1.93 0.49
1.92 0.47
1.89 0.46
1.84 0.44
1.79 0.44
1.74 0.42
1.68 0.42
1.63 0.41
1.59 0.4
1.53 0.4
1.48 0.39
1.44 0.38
1.39 0.37
1.35 0.35
1.29 0.35
1.23 0.35
1.17 0.35
1.13 0.34
1.09 0.32
1.05 0.31
0.99 0.32
0.96 0.3
0.9 0.29
0.85 0.29
0.81 0.27
0.79 0.25
0.73 0.25
0.67 0.24
0.61 0.24
0.59 0.22
0.55 0.21
0.5 0.2
0.48 0.18
0.44 0.16
0.4 0.15
0.35 0.13
0.34 0.11
0.34 0.09
0.29 0.09
0.23 0.08
0.19 0.06
0.17 0.05
0.15 0.03
0.1 0.02
0.06 0.0
0.0 0.0
